93052 236 864
904137 788 885
480531 583 455
662986 775 752
970933 709 850
959630 528 429
295340 488 241
11627 994 3
831157 770 232
673141 419 198
741331 908 78
728348 207 948
38594 875 541
418520 333 76
589284 608 682
268954 40 766
764011 81 80
827648 104 897
489732 892 516
994406 580 268
566414 688 758
219962 457 159
686510 677 166
770843 691 868
28274 353 321
380450 329 792
281458 968 279
318128 712 791
559947 834 535
270933 265 100
117566 731 336
44182 452 423
974076 748 831
94222 379 766
317330 465 891
992009 154 284
751173 41 830
95621 957 436
172571 593 736
366469 366 500
967038 479 815
532184 161 905
316504 324 306
191319 191 838
174024 44 905
304179 303 272
703281 657 615
647920 723 978
539772 230 354
635088 691 279
705126 616 725
450636 163 368
30142 415 241
299868 850 198
185694 248 241
966438 156 842
325515 651 856
398169 215 51
502661 28 193
719812 109 160
680655 118 760
673910 996 508
697919 417 946
207254 895 72
294054 710 871
647273 716 208
688191 877 108
752623 470 175
511670 625 323
399005 741 962
300096 380 705
588012 479 911
23865 301 2
744676 850 611
136634 221 846
189394 531 894
222609 465 538
760639 214 642
312231 388 793
514996 552 175
367941 780 466
258393 180 267
503277 636 945
193916 231 961
363883 33 228
752327 443 994
316857 443 27
74403 161 706
760351 356 58
218069 775 419
109275 785 561
167400 915 910
216657 741 204
734854 954 72
805658 998 670
805574 865 848
11785 846 219
309129 210 781
697212 776 365
564461 247 189
312872 852 175
451266 923 883
827475 630 344
366446 59 585
247905 487 212
793361 452 816
949512 300 333
694108 647 703
745146 423 436
874090 319 255
72877 787 763
306041 162 794
613109 773 774
253849 313 226
996355 924 723
50621 567 834
714772 314 635
308650 977 256
613513 746 482
654738 622 605
579544 599 952
294918 725 388
288728 137 787
516576 167 267
614204 185 511
948214 680 516
802358 47 737
212567 22 172
317504 112 376
194733 144 243
636032 477 347
935283 409 289
315000 203 596
205977 228 477
473430 226 9
170030 341 973
739708 547 210
530264 50 612
433586 556 139
5514 102 223
892265 338 883
776630 629 315
489935 332 914
245746 478 94
669914 198 271
803665 69 654
8293 125 23
600075 597 737
285744 559 730
979617 720 108
187140 409 968
281020 384 353
240335 530 832
319186 734 451
293784 849 969
281459 989 412
782596 952 213
616165 874 822
704896 918 911
556394 275 528
95559 664 897
663892 972 165
992720 993 88
39853 487 209
767098 453 360
810070 699 162
907527 675 232
941938 873 760
974145 971 656
217999 103 219
733807 2 653
974562 206 897
414243 709 202
261765 757 97
988601 226 922
143720 831 600
305655 555 827
453142 275 77
725550 819 577
449576 863 424
304609 955 245
589012 75 985
750184 340 962
158549 250 81
236568 615 310
272534 348 98
932325 756 385
293257 41 293
323961 14 410
389707 675 56
208639 89 460
469116 427 870
272867 809 83
329299 544 679
720487 528 418
274157 302 95
757735 507 718
38314 701 910
241428 135 184
316619 907 533
349518 253 697
894698 601 514
216758 906 974
98969 449 400
830780 852 847
487127 2 222
239774 673 367
160201 689 35
196811 200 934
4415 353 593
281771 850 190
615812 631 157
731562 515 712
805192 791 228
882887 792 180
813263 936 402
772094 916 741
702410 20 847
693052 823 934
291776 375 490
835519 966 690
721970 280 927
823240 259 564
64310 946 805
226222 49 810
532577 442 86
791689 533 957
247162 994 768
666522 91 57
245536 125 974
274430 26 838
392158 576 144
347968 603 57
301087 547 36
465444 23 594
782026 76 538
754542 307 869
201523 681 846
136776 61 708
637133 944 323
86601 865 155
260034 537 680
746714 429 985
4601 361 146
759825 818 271
216339 847 841
816088 336 841
828579 414 471
762532 907 418
851951 499 885
750322 574 548
339669 266 687
295081 884 945
733032 756 454
771249 696 338
828283 900 782
941854 210 961
208998 165 628
168510 293 571
875237 231 241
360663 392 231
375295 312 350
791608 22 54
256976 419 502
288688 186 517
777832 401 61
945940 719 550
607145 323 1
684991 871 448
321992 981 484
604562 362 263
697761 864 197
695532 602 95
741947 409 133
126350 489 902
768912 267 508
509612 685 126
251087 759 611
727224 304 303
656609 529 796
279715 553 408
151833 611 463
715831 668 976
212798 103 968
208646 485 259
733498 548 898
826181 53 779
180657 238 479
977079 449 356
248886 604 263
473856 996 930
826532 192 364
546174 359 675
723741 122 26
295616 600 68
256310 513 106
909570 350 665
248562 447 673
662633 187 92
882534 841 338
564404 652 805
489024 539 405
281552 204 242
715109 366 52
830740 439 357
221674 732 316
705264 217 673
738569 367 983
534227 415 753
778178 509 271
445770 148 472
379108 4 358
332493 2 404
83245 361 844
188835 854 301
295000 546 240
577864 212 692
587819 955 159
643314 476 27
216264 475 916
127261 754 112
319253 381 114
816863 221 677
339098 954 630
260423 19 144
180143 126 613
700119 885 315
143568 724 777
221638 963 208
389566 520 12
821257 274 594
940873 851 81
214749 861 982
948171 247 116
188424 216 961
586600 77 877
524708 923 434
891559 302 906
631367 83 511
859764 642 527
739897 604 829
98626 826 961
80118 208 297
227789 667 769
859791 290 809
629933 938 277
799772 656 359
46370 151 429
776419 334 600
893915 821 192
441557 379 422
184336 207 383
386345 425 721
252083 219 569
168767 213 705
684654 1 99
655198 985 188
610899 376 116
919127 48 601
231231 626 310
788312 805 910
388688 666 242
73332 686 732
484381 13 490
184440 518 552
774785 484 15
265896 521 650
763347 594 667
310514 676 234
210367 458 289
317054 912 979
683947 32 8
523367 657 724
778393 981 564
433859 640 797
364352 827 39
291450 429 540
695762 48 79
699165 790 186
127798 209 145
568643 390 683
806065 200 378
883 613 191
493375 367 359
317715 594 450
388664 722 656
112809 680 472
787663 913 294
426576 684 50
464143 741 323
967421 493 952
333023 999 733
355718 656 384
571566 744 864
761372 507 324
307201 195 105
6757 596 303
750470 582 367
12699 378 663
679992 175 674
677309 828 127
765245 14 55
721062 591 353
434984 293 142
668848 857 75
116694 991 741
179335 809 706
688979 159 799
758886 335 417
134983 505 151
865560 131 603
43075 53 722
699378 280 273
299105 110 777
818019 6 508
843209 133 461
466168 721 704
687045 950 707
745600 561 408
253942 758 949
641242 536 606
686323 73 149
322146 464 173
397628 877 435
133279 552 42
760206 318 152
695543 295 624
316642 849 746
219794 18 735
580378 603 923
985834 161 470
96057 410 735
247402 177 400
732737 85 543
663251 218 742
810276 476 52
34520 616 158
372543 215 439
5394 486 706
756679 691 2
725349 955 322
57718 911 936
280661 539 941
40645 279 778
356012 185 166
601736 331 872
276010 194 879
687608 479 455
180210 594 926
903770 746 118
984153 549 188
641163 547 939
764355 746 915
381175 55 199
174465 29 379
845086 82 59
789308 737 127
981795 312 368
858841 100 612
290690 578 249
316210 620 540
630945 860 853
231244 882 984
560781 246 781
207149 757 807
743163 931 133
903469 942 637
33215 787 720
263459 227 746
357862 543 920
888069 978 522
872951 707 614
641293 183 198
668565 8 886
297472 996 853
167967 83 910
577042 420 231
815065 348 908
40613 813 740
231027 241 57
720925 489 648
293285 404 638
756608 240 97
990716 45 419
535119 741 975
169973 51 517
896447 25 232
536475 273 402
726592 614 796
338078 18 667
278735 742 978
231075 780 130
764198 743 707
683185 7 154
72574 463 676
676940 936 785
316620 245 296
424940 868 485
767887 734 58
205978 60 941
695999 662 657
619345 675 369
732062 787 422
298294 692 614
194828 205 447
793344 174 845
901262 296 317
283823 813 690
885148 53 854
329602 564 65
913507 803 441
819152 709 21
939309 945 732
104256 543 934
316950 429 970
811906 640 635
219680 581 381
81361 707 74
142246 654 150
80608 206 779
854195 861 868
408442 688 965
986195 531 824
191544 416 96
436142 190 494
61583 696 605
700798 637 21
695576 235 126
213697 837 784
556040 188 443
773817 119 409
675921 507 342
783418 707 665
575297 176 809
976292 117 921
695304 601 327
782765 107 937
415141 775 753
345720 3 619
952159 688 658
463511 473 576
993257 728 874
768774 905 776
882581 161 338
376718 592 211
550604 975 25
738101 409 867
302875 32 685
361769 959 433
245059 768 931
922092 826 634
194935 574 562
603286 296 796
535203 591 915
419563 637 689
600796 461 433
249386 582 978
176399 482 780
89022 865 614
783177 219 912
943600 841 35
911435 631 668
749064 973 295
716301 494 688
990753 505 868
675445 25 106
813686 210 921
745579 766 484
211788 963 417
968760 829 974
367529 611 282
624908 33 514
725802 180 914
677566 628 772
195262 322 679
283947 737 49
606769 696 172
262435 432 717
265946 111 736
95117 112 79
16589 687 671
792433 201 299
196036 88 807
774140 508 964
470832 396 487
354196 73 831
323717 992 761
495847 174 119
482958 610 876
46716 442 440
710755 822 508
325761 116 964
707970 693 652
566123 329 930
899809 331 327
74386 463 520
191607 177 592
816432 11 225
205876 967 840
215311 776 610
154640 906 763
357771 766 777
885726 9 327
553790 788 654
766443 993 310
241902 235 299
775378 42 936
123270 775 648
290416 359 929
204995 870 302
202691 885 286
229727 773 75
248048 439 627
129391 575 519
841421 284 771
194704 500 805
215225 565 106
782662 907 975
70460 474 197
719238 214 159
227318 743 342
809969 915 272
560408 688 795
472800 755 285
982522 909 231
108246 6 547
253805 567 373
206550 180 504
967025 105 991
359053 434 825
220742 73 499
731136 98 380
177793 965 642
92256 797 604
668765 876 724
298810 957 370
177518 908 633
650146 345 82
542606 397 823
697683 153 339
167104 783 166
638665 397 318
801701 965 72
475760 371 870
745791 566 121
689551 49 235
717884 530 824
313172 746 823
109591 567 377
771945 289 189
93905 325 728
134269 666 254
756621 888 589
490572 482 830
233348 635 302
241555 803 664
99706 588 922
309496 890 234
190646 978 798
545905 838 941
704045 997 183
212001 537 208
630415 883 53
367017 624 358
651354 462 531
741224 485 389
321823 846 879
410969 503 466
192225 185 448
267621 443 710
205311 447 882
390578 906 757
478696 949 640
666202 426 530
712992 915 626
810054 134 332
973827 205 589
277816 264 595
301872 262 203
413393 555 920
720817 958 806
139495 767 7
783042 389 142
186667 654 198
838903 745 478
829331 10 767
715081 355 355
283476 200 872
251629 208 30
160465 937 579
181177 107 605
599788 492 219
50188 247 786
285610 197 367
775190 417 956
297665 902 709
518138 433 273
305624 532 359
311766 180 364
392949 592 409
532275 789 589
617115 709 203
96717 364 379
701117 22 730
845001 437 706
718729 151 311
745500 468 912
47357 802 353
84119 250 267
230576 603 890
303791 773 984
151448 178 996
199816 566 768
271922 530 184
208610 639 291
182579 38 92
335543 711 35
940702 992 446
25563 325 476
142745 30 770
37075 539 801
966688 63 50
790459 292 166
793386 273 422
336790 454 342
822616 449 413
190694 279 522
673586 289 988
260996 364 993
206347 453 238
835175 402 325
944941 162 197
711377 948 702
27153 882 964
722383 361 31
626766 522 791
439847 339 529
545782 497 592
954297 348 415
699512 858 33
481980 785 391
348803 356 925
122111 298 851
674004 708 774
306615 787 313
815137 212 869
801943 583 156
529407 717 940
810434 509 250
840344 488 720
965853 867 734
756675 474 768
381330 467 703
752675 449 212
794976 121 501
220495 1 409
293692 563 789
282413 865 668
200955 217 156
670569 956 560
992377 938 718
46646 68 943
866884 371 392
123466 442 344
518877 65 189
280820 935 926
59787 896 466
78297 593 319
682012 43 593
207355 92 521
409528 831 610
125167 235 607
669433 308 790
248160 727 823
901450 56 735
87698 747 114
708943 225 621
704713 770 960
768923 841 772
194774 648 393
225811 871 325
633372 709 153
424601 11 509
432215 847 905
9919 210 363
536849 977 179
896732 128 735
531005 350 770
776045 476 413
430643 827 545
742600 75 534
424789 651 628
89183 407 597
32221 645 668
226053 908 656
667425 907 407
219192 864 72
334305 415 693
77443 263 888
633810 719 198
930708 865 245
16876 764 334
546368 120 958
718347 313 913
288350 738 138
755387 929 269
466233 789 505
176814 93 605
85903 387 889
691154 928 823
836197 248 639
675789 651 721
503806 930 82
750057 83 700
794480 792 196
821588 890 862
787348 685 258
770917 324 101
646491 203 383
819108 815 708
147101 637 609
990299 288 823
781983 570 627
188978 611 412
206523 566 769
674812 851 11
528060 273 210
783999 235 758
140536 478 609
321067 951 652
504007 153 484
968943 272 49
299621 664 953
191165 13 691
738831 756 797
52942 800 409
299796 300 424
829307 806 371
297590 893 101
241272 245 570
143804 543 721
670945 635 764
303557 129 642
73917 874 159
797073 10 355
732335 327 135
275471 886 561
313763 381 70
324850 32 736
712123 718 245
423450 782 833
790092 702 210
546930 664 61
20969 390 627
225509 865 689
507738 390 589
874100 573 831
205111 196 702
319773 253 648
196948 884 706
519590 62 294
65582 74 904
102603 658 627
439933 393 267
310649 734 298
809285 948 469
219167 6 301
129298 795 165
690133 448 148
100473 737 180
251280 458 199
365381 224 373
433462 575 88
243435 37 813
291756 927 967
341105 921 118
687414 201 190
201273 868 979
709029 857 150
77714 190 226
392700 464 863
253617 700 631
181837 695 122
110323 97 745
291974 204 204
830581 617 289
675632 84 242
535363 442 706
754558 494 474
455977 851 971
343717 925 832
30067 139 220
11507 172 922
738562 445 564
311669 846 689
834360 573 161
480098 541 212
58466 363 126
825821 771 273
847097 88 567
187801 258 250
991403 534 373
532958 153 971
126230 624 659
953420 241 795
179714 932 853
829630 232 373
203308 411 852
532007 974 846
694393 576 951
765252 918 8
331731 984 664
900429 278 558
242468 848 623
790056 664 253
322203 210 182
686651 826 228
248461 853 21
60020 343 515
950172 851 680
282291 54 551
168275 852 349
760173 148 374
734302 667 491
782821 741 720
782303 859 254
268187 474 426
722665 345 614
327968 987 10
568783 175 308
672440 639 878
260729 393 941
97858 125 775
681276 154 770
2581 711 188
231045 811 480
209 887 325
979488 674 112
119307 158 909
55151 373 971
186875 42 726
127177 76 741
105892 823 674
349091 744 955
578931 129 167
280820 215 9
343561 349 166
508091 174 939
273520 728 768
751723 524 826
135347 646 696
200539 683 618
487724 634 554
496948 979 681
115589 791 212
295865 538 10
584793 92 798
367111 657 943
254689 569 386
252056 263 15
82258 626 377
288379 589 946
911838 934 342
209404 715 945
287133 965 261
239902 865 111
259271 15 367
468949 925 766
257071 166 435
371556 157 67
802220 845 125
122684 955 296
944544 35 644
802706 550 601
379145 466 666
329131 992 16
296063 116 646
833498 542 986
502851 524 841
731995 41 477
740238 778 900
680385 701 404
694772 541 516
159948 280 260
455792 180 741
742220 660 761
901576 506 32
807351 626 613
189829 798 535
261398 154 470
697124 966 348
906143 885 119
995850 535 140
13502 431 132
196846 83 55
796707 113 768
11050 823 57
34390 526 575
63315 277 848
196100 152 987

